"MeanMaxTemp","MeanMinTemp","Monthlyrainfall","monthlymeansolar","frostdays"
-1.0883684801352,-0.974440528775636,0.186281871800475,-1.17047448581586,0.999137161394925
-0.772828901310428,-0.670198115786986,-0.83857866588156,-0.894088706088231,0.763275274114811
-0.499235757821181,-0.63743947480904,-0.858434203764591,-0.163310491461861,0.841895903208183
0.154940750788219,-0.0199078794151606,-1.01612833847586,0.719320603978045,-0.180172275005642
0.859951531243809,0.584189345819872,0.271757540979863,1.56070006239563,-1.04499919503272
1.15783666109626,1.13817491274539,1.49244937455093,1.35602127730866,-1.1236198241261
1.41067000206587,1.45438670402947,1.13650253689173,1.20760126358685,-1.1236198241261
1.50141531414516,1.40427747508164,0.720111325524576,1.06622763459481,-1.1236198241261
0.545862831719257,0.566216442147325,-0.610905867167908,0.133422961143197,-0.809137307752611
-0.605737266048828,-0.441477443255107,-0.928564205708161,-0.721321722656654,0.763275274114811
-1.068395109427,-0.954372057707245,-0.880287402471219,-1.12979789059717,1.23499904867504
-1.53139799032832,-1.47057692040142,-0.996363603357533,-1.18968650268424,1.31361967776841
-1.50512435862557,-1.83902606147584,-0.260830941626549,-1.14239634390754,1.23499904867504
-1.10888232621075,-1.1931629897367,-0.984892187415966,-0.856580510610627,1.0777577904883
-0.526923023334999,-0.575476175483261,-0.822113097880999,-0.175498753257957,1.15637841958167
-0.138842845293798,-0.347657924057184,-0.892333902589277,0.679205292507953,0.527413386834698
0.602803225516602,0.511089852496235,2.04071646786376,0.852530859447849,-1.04499919503272
0.84129965868417,0.815470652338433,0.583120221166959,1.22999809509809,-1.1236198241261
1.61569679762951,1.65021026196693,0.97405639082736,1.24950902037368,-1.1236198241261
1.12185629897063,1.29116639468455,0.583816375696395,0.577274007987844,-1.1236198241261
0.775101681959517,0.798574806172202,-0.401030410337216,0.0238160248890667,-1.1236198241261
-0.342502019441001,-0.115466821584827,2.16363314369149,-0.838899991535207,-0.0229310168188999
-0.558230743630525,-0.185981959940112,-0.251871735508596,-1.17105858385992,0.134310241367842
-0.840965932211396,-0.788572495053532,-0.410110686808114,-1.20251312083639,0.920516532301554
